0.4027276105585914
0.40870033445300585
0.4146133311084752
0.4204671977973917
0.4262625258194174
0.43199990056122345
0.43767990155561043
0.44222643587338817
0.44721750484798717
0.4527453297995076
0.45821787650151197
0.463635697736497
0.46576767409246544
0.4709766640182081
0.47151523071135887
0.4742834117375791
0.4753522442868691
0.47686538851066773
0.4788350679588949
0.47890838394597257
0.4769076334398456
0.47708189043878013
0.4763960715343932
0.47366877748571584
0.47102875637752495
0.4684818021470827
0.4646003174589457
0.46114931428435507
0.45749782114151183
0.4545595095967641
0.4506905811674636
0.44706700868912175
0.4442380052688972
0.44081729188287494
0.43718911896404644
0.4336488944410722
0.4314324054966618
0.4281830814416955
0.4256529172939449
0.4224880547876722
0.4199081742397953
0.4168224258307308
0.4133142015724234
0.41036272622336595
0.4067240989611322
0.4036818579715207
0.4010800393918057
0.3975125723312212
0.3941657799412418
0.3908924554751622
0.3879001975870782
0.3845811956112076
0.38115371698842904
0.377952179818544
0.3753143246870253
0.37235618144015525
0.3693726196257542
0.3663772267628293
0.3634151211618676
0.36039930328358233
0.35760031025074657
0.3549576404815724
0.35166139741009017
0.34848811676932273
0.3455965689349616
0.3426139365789458
0.33987279721315683
0.33695740257435886
0.3338411618819479
0.33090275026312865
0.3281587227604977
0.3253688021995589
0.3225034475108974
0.3198700797024548
0.31729804557209706
0.3145517317830428
0.31207454779854576
0.3094904689872266
0.3069338976306876
0.3043528919877146
0.30171769640117047
0.2992971861038255
0.2969742142427872
0.2945461387670256
0.29206234404602227
0.28982005393889515
0.28724518673283983
0.28486940153217843
0.2825557075168565
0.2800934837750207
0.27761421560393745
0.27512307344789844
0.2728785093800858
0.27052639095295133
0.2682861270434226
0.2662049324396547
0.2638062164485915
0.261866487617439
0.2598961560745974
0.2577138611805181
0.255451722568713
0.25339720534302607
0.2516032332895957
0.24961053429003285
0.24768109561379956
0.2457226179909947
0.2438870584777516
0.24191652122630733
0.2401706893473777
0.2383739824539037
0.23648524262936446
0.23465872353640468
0.23259880296770694
0.23080948160469694
0.2292447201219832
0.22730893958742998
0.22554085019155537
0.22369377502297336
0.2220218372727439
0.2203599522333497
0.21853301937768285
0.2167093558505724
0.21484726229206663
0.21316378966914612
0.21144215177245468
0.20974273025472975
0.20825030295218305
0.20687113325599432
0.20546408859010112
0.20385778103753324
0.20239420322715815
0.20075359452821978
0.19911772524960394
0.1975882146637749
0.19586733251713712
0.194553659191966
0.19309478926671272
0.1917155080407124
0.1902116862936383
0.1885995694307021
0.18708524040306188
0.18596938799903118
0.18453469411904103
0.1830926805111837
0.18176175370607187
0.18049580283567787
0.17916417814065455
0.17788420302591454
0.1765536943289886
0.1751664907190323
0.17373482581184166
0.17257581088705667
0.1713733861115196
0.1701029855837377
0.1689852890612338
0.1678571028372881
0.16666853180891505
0.16557017982415917
0.16445447802591776
0.16314326657899192
0.16200016724653532
0.1610101655740702
0.15969506391832908
0.15858811327914607
0.15743556547968796
0.15640787649155743
0.15535379772664215
0.1541502597493757
0.15301875715188185
0.15201856958036286
0.1509333838845593
0.14984238337904723
0.1487556262119233
0.14798806994980415
0.14715985591697264
0.14625325735780279
0.14528072478422505
0.1442695842030493
0.1432435550276856
0.14256778614407525
0.14158044161596792
0.14041797053314162
0.1394704574944771
0.1386174195861989
0.13768624539033683
0.13673438293643345
0.13584037244040242
0.13496863538266504
0.13403561569550496
0.13333025953855
0.1323902902764979
0.13139805404039961
0.1307457401666622
0.12983661609832903
0.12897491660401228
0.12812850077130533
0.12738721576359235
0.12651334360595642
0.12566154350323033
0.12462159473486445
